[Config]
dimensions=10
Probability_Alpha = 15.0
Probability_Beta = 60.0
Size_Alpha = 10
Size_Beta = 10
[Data]
D 0 5 5
A 1 2 5
D 1 3 3
D 1 3 4
D 1 3 5
A 1 3 6
D 1 3 7
D 1 4 3
D 1 4 4
A 1 4 5
D 1 4 6
A 1 4 7
D 1 5 2
D 1 5 3
A 1 5 4
D 1 5 5
D 1 5 6
A 1 5 7
D 1 5 8
D 1 6 3
D 1 6 4
D 1 6 5
D 1 6 6
A 1 6 7
D 1 7 3
A 1 7 4
D 1 7 5
D 1 7 6
D 1 7 7
D 1 8 5
D 2 1 5
D 2 2 3
D 2 2 4
A 2 2 5
D 2 2 6
D 2 2 7
D 2 3 2
A 2 3 3
A 2 3 4
D 2 3 5
A 2 3 6
D 2 3 7
A 2 3 8
A 2 4 2
D 2 4 3
D 2 4 4
D 2 4 5
A 2 4 6
D 2 4 7
A 2 4 8
A 2 5 1
A 2 5 2
A 2 5 3
A 2 5 4
A 2 5 5
A 2 5 6
A 2 5 7
D 2 5 8
A 2 5 9
D 2 6 2
D 2 6 3
D 2 6 4
A 2 6 5
D 2 6 6
D 2 6 7
A 2 6 8
D 2 7 2
A 2 7 3
A 2 7 4
D 2 7 5
A 2 7 6
D 2 7 7
D 2 7 8
A 2 8 3
D 2 8 4
D 2 8 5
D 2 8 6
A 2 8 7
A 2 9 5
A 3 1 3
A 3 1 4
D 3 1 5
D 3 1 6
D 3 1 7
D 3 2 2
D 3 2 3
A 3 2 4
D 3 2 5
D 3 2 6
D 3 2 7
D 3 2 8
D 3 3 1
D 3 3 2
D 3 3 3
D 3 3 4
A 3 3 5
D 3 3 6
A 3 3 7
D 3 3 8
D 3 3 9
D 3 4 1
A 3 4 2
D 3 4 3
B 3 4 4
B 3 4 5
B 3 4 6
D 3 4 7
A 3 4 8
D 3 4 9
A 3 5 1
A 3 5 2
A 3 5 3
B 3 5 4
B 3 5 5
B 3 5 6
D 3 5 7
D 3 5 8
D 3 5 9
D 3 6 1
D 3 6 2
A 3 6 3
B 3 6 4
B 3 6 5
B 3 6 6
A 3 6 7
D 3 6 8
D 3 6 9
D 3 7 1
A 3 7 2
D 3 7 3
A 3 7 4
D 3 7 5
D 3 7 6
A 3 7 7
D 3 7 8
D 3 7 9
D 3 8 2
D 3 8 3
D 3 8 4
D 3 8 5
D 3 8 6
D 3 8 7
A 3 8 8
A 3 9 3
D 3 9 4
A 3 9 5
A 3 9 6
A 3 9 7
A 4 1 3
A 4 1 4
A 4 1 5
A 4 1 6
D 4 1 7
D 4 2 2
D 4 2 3
D 4 2 4
D 4 2 5
A 4 2 6
A 4 2 7
A 4 2 8
D 4 3 1
A 4 3 2
D 4 3 3
B 4 3 4
B 4 3 5
B 4 3 6
D 4 3 7
A 4 3 8
D 4 3 9
D 4 4 1
A 4 4 2
B 4 4 3
B 4 4 4
B 4 4 5
B 4 4 6
B 4 4 7
D 4 4 8
A 4 4 9
A 4 5 1
D 4 5 2
B 4 5 3
B 4 5 4
B 4 5 5
B 4 5 6
B 4 5 7
A 4 5 8
D 4 5 9
D 4 6 1
D 4 6 2
B 4 6 3
B 4 6 4
B 4 6 5
B 4 6 6
B 4 6 7
A 4 6 8
D 4 6 9
A 4 7 1
A 4 7 2
D 4 7 3
B 4 7 4
B 4 7 5
B 4 7 6
D 4 7 7
D 4 7 8
A 4 7 9
D 4 8 2
D 4 8 3
D 4 8 4
D 4 8 5
D 4 8 6
D 4 8 7
D 4 8 8
D 4 9 3
A 4 9 4
D 4 9 5
D 4 9 6
A 4 9 7
D 5 0 5
D 5 1 2
D 5 1 3
D 5 1 4
D 5 1 5
D 5 1 6
D 5 1 7
D 5 1 8
A 5 2 1
D 5 2 2
A 5 2 3
D 5 2 4
D 5 2 5
A 5 2 6
D 5 2 7
D 5 2 8
D 5 2 9
D 5 3 1
D 5 3 2
D 5 3 3
B 5 3 4
B 5 3 5
B 5 3 6
D 5 3 7
A 5 3 8
D 5 3 9
D 5 4 1
D 5 4 2
B 5 4 3
B 5 4 4
B 5 4 5
B 5 4 6
B 5 4 7
A 5 4 8
D 5 4 9
D 5 5 0
A 5 5 1
A 5 5 2
B 5 5 3
B 5 5 4
B 5 5 5
B 5 5 6
B 5 5 7
A 5 5 8
D 5 5 9
D 5 6 1
A 5 6 2
B 5 6 3
B 5 6 4
B 5 6 5
B 5 6 6
B 5 6 7
D 5 6 8
D 5 6 9
D 5 7 1
D 5 7 2
D 5 7 3
B 5 7 4
B 5 7 5
B 5 7 6
A 5 7 7
D 5 7 8
D 5 7 9
A 5 8 1
A 5 8 2
A 5 8 3
D 5 8 4
A 5 8 5
A 5 8 6
A 5 8 7
D 5 8 8
D 5 8 9
D 5 9 2
D 5 9 3
A 5 9 4
D 5 9 5
A 5 9 6
D 5 9 7
A 5 9 8
D 6 1 3
A 6 1 4
D 6 1 5
D 6 1 6
A 6 1 7
D 6 2 2
D 6 2 3
D 6 2 4
D 6 2 5
A 6 2 6
A 6 2 7
A 6 2 8
A 6 3 1
D 6 3 2
D 6 3 3
B 6 3 4
B 6 3 5
B 6 3 6
A 6 3 7
D 6 3 8
D 6 3 9
D 6 4 1
A 6 4 2
B 6 4 3
B 6 4 4
B 6 4 5
B 6 4 6
B 6 4 7
D 6 4 8
D 6 4 9
D 6 5 1
D 6 5 2
B 6 5 3
B 6 5 4
B 6 5 5
B 6 5 6
B 6 5 7
A 6 5 8
D 6 5 9
A 6 6 1
D 6 6 2
B 6 6 3
B 6 6 4
B 6 6 5
B 6 6 6
B 6 6 7
D 6 6 8
D 6 6 9
D 6 7 1
A 6 7 2
D 6 7 3
B 6 7 4
B 6 7 5
B 6 7 6
A 6 7 7
D 6 7 8
D 6 7 9
A 6 8 2
A 6 8 3
D 6 8 4
A 6 8 5
A 6 8 6
D 6 8 7
D 6 8 8
A 6 9 3
D 6 9 4
D 6 9 5
A 6 9 6
D 6 9 7
D 7 1 3
A 7 1 4
A 7 1 5
A 7 1 6
D 7 1 7
A 7 2 2
D 7 2 3
A 7 2 4
D 7 2 5
D 7 2 6
A 7 2 7
D 7 2 8
D 7 3 1
D 7 3 2
A 7 3 3
D 7 3 4
D 7 3 5
A 7 3 6
D 7 3 7
A 7 3 8
D 7 3 9
A 7 4 1
A 7 4 2
D 7 4 3
B 7 4 4
B 7 4 5
B 7 4 6
D 7 4 7
A 7 4 8
D 7 4 9
D 7 5 1
D 7 5 2
D 7 5 3
B 7 5 4
B 7 5 5
B 7 5 6
D 7 5 7
D 7 5 8
D 7 5 9
A 7 6 1
D 7 6 2
A 7 6 3
B 7 6 4
B 7 6 5
B 7 6 6
A 7 6 7
D 7 6 8
D 7 6 9
A 7 7 1
D 7 7 2
A 7 7 3
A 7 7 4
D 7 7 5
D 7 7 6
D 7 7 7
A 7 7 8
D 7 7 9
A 7 8 2
D 7 8 3
D 7 8 4
D 7 8 5
D 7 8 6
A 7 8 7
D 7 8 8
D 7 9 3
A 7 9 4
A 7 9 5
A 7 9 6
D 7 9 7
D 8 1 5
D 8 2 3
D 8 2 4
D 8 2 5
A 8 2 6
A 8 2 7
A 8 3 2
A 8 3 3
D 8 3 4
D 8 3 5
A 8 3 6
D 8 3 7
D 8 3 8
D 8 4 2
A 8 4 3
D 8 4 4
A 8 4 5
D 8 4 6
A 8 4 7
A 8 4 8
D 8 5 1
D 8 5 2
D 8 5 3
A 8 5 4
D 8 5 5
D 8 5 6
A 8 5 7
D 8 5 8
D 8 5 9
D 8 6 2
D 8 6 3
D 8 6 4
D 8 6 5
D 8 6 6
A 8 6 7
A 8 6 8
D 8 7 2
A 8 7 3
D 8 7 4
D 8 7 5
D 8 7 6
D 8 7 7
A 8 7 8
D 8 8 3
A 8 8 4
D 8 8 5
A 8 8 6
D 8 8 7
A 8 9 5
D 9 2 5
A 9 3 3
D 9 3 4
D 9 3 5
D 9 3 6
D 9 3 7
D 9 4 3
A 9 4 4
D 9 4 5
D 9 4 6
A 9 4 7
D 9 5 2
D 9 5 3
A 9 5 4
D 9 5 5
D 9 5 6
D 9 5 7
D 9 5 8
A 9 6 3
D 9 6 4
D 9 6 5
D 9 6 6
D 9 6 7
A 9 7 3
D 9 7 4
D 9 7 5
D 9 7 6
D 9 7 7
A 9 8 5
